0.049755	0.002215	0.060357	0.017117	0.000852	0.000488	0.009194	0.051267	0.390799	0.238685	0.066518	0.017103	0.007024	0.002920	0.000017	0.006582	0.044639	0.034022	0.000137	0.000308	0.000000	0.000000	0.000000	0.000000
0.008963	0.031202	0.019760	0.005472	0.182602	0.647062	0.039290	0.020982	0.001508	0.003299	0.004603	0.003124	0.000179	0.010846	0.007059	0.000369	0.004973	0.004431	0.003977	0.000298	0.000000	0.000000	0.000000	0.000000
0.049156	0.001759	0.022889	0.000819	0.018447	0.031901	0.089940	0.447340	0.113575	0.000472	0.076260	0.065826	0.001760	0.049684	0.009078	0.000184	0.008942	0.002698	0.006193	0.000081	0.000028	0.000056	0.002653	0.000259
0.038531	0.107689	0.039472	0.001858	0.000166	0.002265	0.006507	0.003519	0.000798	0.000839	0.000016	0.024409	0.000878	0.001312	0.000276	0.028489	0.018356	0.006312	0.030150	0.007060	0.012985	0.629829	0.033978	0.004305
0.017894	0.083365	0.114651	0.111499	0.023882	0.002226	0.002410	0.000102	0.004894	0.000504	0.092116	0.014881	0.035172	0.048513	0.005903	0.344877	0.025287	0.024482	0.031429	0.009262	0.000176	0.006468	0.000008	0.000000
0.020426	0.098036	0.101530	0.086253	0.016919	0.001262	0.006480	0.000132	0.000010	0.000148	0.014778	0.001129	0.006420	0.003218	0.003066	0.266495	0.025504	0.002558	0.089449	0.026825	0.006064	0.223013	0.000286	0.000000
0.017839	0.040239	0.000872	0.374819	0.008959	0.006398	0.038943	0.018507	0.020675	0.000756	0.021145	0.279938	0.025881	0.049444	0.004819	0.000000	0.011064	0.008369	0.008948	0.001821	0.001601	0.058888	0.000075	0.000000
0.049823	0.030499	0.033802	0.008331	0.082487	0.037909	0.014912	0.019618	0.013259	0.008234	0.003983	0.002793	0.009649	0.001454	0.012773	0.086123	0.032670	0.422132	0.092477	0.000914	0.000956	0.035156	0.000045	0.000000
0.032319	0.011833	0.018626	0.005197	0.309454	0.072764	0.207435	0.000762	0.001115	0.026315	0.085574	0.000787	0.000286	0.012387	0.024748	0.044469	0.020211	0.082342	0.043342	0.000033	0.000000	0.000000	0.000000	0.000000
0.028412	0.107887	0.058880	0.003332	0.020252	0.005522	0.000322	0.009001	0.083472	0.019658	0.368641	0.069972	0.034754	0.019872	0.006114	0.001649	0.035289	0.001716	0.113402	0.008948	0.000077	0.002825	0.000004	0.000000
0.016816	0.044665	0.031670	0.302739	0.001368	0.000316	0.030650	0.057532	0.170365	0.000807	0.095959	0.191487	0.015194	0.016531	0.005612	0.001436	0.013981	0.002734	0.000085	0.000044	0.000000	0.000009	0.000000	0.000000
0.039108	0.112672	0.028465	0.000277	0.000471	0.005821	0.000057	0.002165	0.000028	0.007517	0.000716	0.001094	0.026261	0.005789	0.000344	0.020810	0.097725	0.021534	0.001698	0.091415	0.005033	0.009930	0.474690	0.046378
0.056770	0.042068	0.035959	0.000022	0.000181	0.001739	0.002268	0.000359	0.000615	0.006630	0.000018	0.002916	0.021176	0.003741	0.000316	0.028676	0.057752	0.021027	0.005963	0.056911	0.001126	0.008255	0.100975	0.544539
0.019269	0.024821	0.000002	0.057719	0.184889	0.121467	0.488736	0.075604	0.000402	0.006698	0.005654	0.003505	0.004670	0.004243	0.000445	0.000030	0.000000	0.000034	0.000128	0.000209	0.001441	0.000032	0.000000	0.000000
0.025218	0.029313	0.169546	0.014323	0.055321	0.001267	0.052097	0.033873	0.014221	0.454742	0.050324	0.002743	0.030573	0.006080	0.005555	0.001204	0.000539	0.028359	0.004053	0.002427	0.017818	0.000400	0.000002	0.000004
0.041830	0.016962	0.105217	0.000325	0.011282	0.001656	0.000810	0.194464	0.116324	0.190599	0.045994	0.002031	0.231614	0.010747	0.022163	0.003011	0.000667	0.004008	0.000164	0.000021	0.000110	0.000002	0.000000	0.000000
0.053718	0.006567	0.086847	0.000336	0.011494	0.004224	0.000230	0.038257	0.034934	0.006215	0.013532	0.051383	0.439472	0.008704	0.022848	0.012755	0.079735	0.000898	0.075358	0.013413	0.038210	0.000858	0.000005	0.000008
0.057663	0.056389	0.004487	0.002185	0.000514	0.005907	0.000000	0.004179	0.000768	0.001370	0.000446	0.003224	0.000681	0.000611	0.002492	0.000141	0.009686	0.055137	0.097835	0.538591	0.154178	0.003464	0.000019	0.000032
0.055602	0.052954	0.013035	0.000241	0.005775	0.004320	0.000014	0.000472	0.000111	0.000351	0.016094	0.002393	0.009386	0.000011	0.544861	0.093190	0.084785	0.037966	0.064550	0.000467	0.013125	0.000295	0.000002	0.000003
0.068549	0.011695	0.000081	0.004780	0.004104	0.004397	0.000636	0.001993	0.020770	0.004123	0.020178	0.011492	0.048308	0.013054	0.013463	0.012090	0.325556	0.011625	0.250425	0.158313	0.014049	0.000316	0.000002	0.000003
0.065451	0.008707	0.006322	0.000003	0.008888	0.029910	0.003210	0.001508	0.005691	0.004173	0.014849	0.236904	0.002530	0.388244	0.090801	0.000727	0.059385	0.055761	0.014962	0.001725	0.000243	0.000005	0.000000	0.000000
0.068829	0.010018	0.008093	0.001006	0.007521	0.006339	0.000031	0.010412	0.000027	0.007679	0.000001	0.005937	0.027381	0.000144	0.001113	0.002383	0.000086	0.003448	0.014496	0.059638	0.711197	0.019247	0.017450	0.017524
0.055972	0.034142	0.022898	0.001334	0.044081	0.002263	0.004352	0.007868	0.005300	0.003038	0.002591	0.001273	0.014959	0.339989	0.215710	0.029583	0.008372	0.152341	0.049675	0.004255	0.000000	0.000000	0.000002	0.000002
0.062087	0.034301	0.016539	0.000013	0.000091	0.002578	0.001477	0.000085	0.000340	0.007148	0.000011	0.003657	0.005792	0.002463	0.000424	0.014727	0.034797	0.016066	0.001103	0.017021	0.021582	0.000952	0.369804	0.386943
